
%ref =0.51;
global P I D
%P = 1.9826;
P = 1.5;
I = 0.88;
D = 1.38;
%P=2.2;
% I = 1.6604;
% %I=1;
% D = 1.3515;
% %D=2.4;
Zadana = 0.5;


